Template: CC_SettingsTemplate_Inside
DangerType: Blizzard
CeilingDrips: 0
RainIntensity: 0.4673913
RumbleIntensity: 0.3695652
WaveSpeed: 0.5010929
WaveLength: 0.9994535
WaveAmplitude: 0.001502733
SecondWaveLength: 1
SecondWaveAmplitude: 0.0001
Clouds: 0.4565217
Grime: 0.326087
BkgDroneVolume: 0.2869565
Palette: 0
Effects: Coldness-1-20-20, Dustpuffs-0.3369565-30-30, 
PlacedObjects: Mushroom><1409.889><205.7955><12.14221~-176.7333~4~7, Mushroom><1427.662><214.5555><-229~-121~7~12, VultureGrub><1327.898><186.3284><240~1~0~50, CustomDecal><110.4498><51.75845><-32~480~1094~903~1065~-6~473~97~0~0.1847826~1~Long Tag~0.1195652~1~0~1~0~1~0.4130435~1, CustomDecal><13.37286><-8.654388><-62~730~1118~717~1193~-26~585~55~0~1~1~RustB1~0.6413044~1~0~1~0~1~0.7826087~1, CustomDecal><49.85095><251.4226><5~143~433~166~430~19~580~104~0~0.1086956~1~GreySnoopy~0.3478261~1~0.0326087~1~0.25~1~0.3804348~1, CustomDecal><1.054565><11.20764><5~484~941~469~966~-10~925~94~0~0.2608696~1~UNQ - Big Fishes~0.2826087~1~0.6847826~1~0.7608696~1~0.4673913~1, CustomDecal><454.3417><322.1277><-15~119~-278~78~-222~-31~184~-150~0~1~1~WhiteJunkArrows~0.6086956~1~0.2282609~1~0.2065217~1~0.3478261~1, CustomDecal><616.9474><271.7183><-23~200~358~174~311~-27~-492~-243~0~0.1413043~1~BoneType~0.4347826~1~0.173913~1~0.2826087~1~0.173913~1, CustomDecal><633.5652><77.9234><-3~124~157~143~176~12~134~-67~0~1~1~WhiteUnfinished~0.4891304~1~0.6086956~1~0.7826087~1~0.5326087~1, CustomDecal><1215.759><4.942581><0~525.0791~795.3658~525.0791~795.3658~0~152.0123~26.94133~0.6521739~0.6956522~1~YCIO~0.5978261~1~0.25~1~0~1~0~1, CustomDecal><1952.148><185.8834><-15~62~39~65~43~6~-681~100~0~1~1~Ghostling1~0.4782609~1~0.4021739~1~0.07608695~1~0.3695652~1, CustomDecal><1551.088><475.1323><-9~184~131~185~128~0~-270~-260~0.4565217~1~1~OwlFace~0~1~0.2826087~1~0.4673913~1~0~1, CustomDecal><1255.956><105.6952><0~282~703~282~703~0~185~51~0.6521739~0.6739131~1~CandyTag~0.5543126~1~0.4130435~1~0~1~0~1, CustomDecal><1466.051><190.227><6~248~113~249~77~-2~-138~-56.00002~0.5760869~1~1~CactusMan~0.6630435~1~0.5108696~1~0.07608695~1~0.3043478~1, DeadVultureGrub><1305.957><186.1954><-46~70~7~16, CustomDecal><1734.142><166.3905><4.936707~123.6222~90.73126~112.6444~85.32813~-1.755554~240~-130~0~1~1~WhiteBubblyS~0.4565217~1~0.1086956~1~0.5217391~1~0.173913~1, ExitSymbolHidden><1892.183><70.91841><, SnowSource><1567.436><212.3236><Radial~204~50~171.7188~-5.997452~1~1, LocalBlizzard><1571.656><723.8752><133~-483~278~-196.3975~1~0.9456522~0.75, LanternOnStick><1286.444><264.0112><-19.20938~-102.6667, LanternOnStick><1923.977><173.9386><-3.735168~-88.44444, LanternOnStick><1464.704><315.6924><11.20547~-99.82224, LanternOnStick><727.2967><234.5073><-7.470337~-30.13332, LanternOnStick><1241.643><243.1039><-33.61642~84.35556, 
AmbientSounds: OMNI><AM_ENV-LightWind.ogg><820.1393><601.5834><0.2609969><1, OMNI><AM_ENV-WinterHum.ogg><651.9423><563.8085><0.3971889><1, OMNI><MSC-Subtundra.ogg><830.0994><509.6756><0.2680027><0.8434018, SPOT><AM_WIN-HowlingWnd.ogg><635.5967><281.7695><0.5708054><0.9269194><1566.608><715.0806><-3.873291><-155.5331><0><0.3899974, OMNI><Deep Weird Wind.wav><632.1078><372.7154><0.1462044><0.8956012, OMNI><AM_WIN-HowlingWnd.ogg><674.1888><481.9774><0.2100034><0.8434018, SPOT><MSC-HeavyCreaking.ogg><840.7451><380.4614><0.2506037><1.743402><1399.308><515.1058><100.711><-144.1553><0><0.6451933, 
FadePalette: 8, 0.5869565, 0.5869565
WetTerrain: OFF
MorePalette0: 40, 0.5857936, 0.5857929
MorePalette1: 51, 0.6785915, 0.5973935
