Template: CC_SettingsTemplate_Inside
DangerType: Blizzard
RainIntensity: 1
RumbleIntensity: 0.1630435
WaveSpeed: 0.2339686
WaveLength: 0.8669843
WaveAmplitude: 0.009362543
SecondWaveLength: 0.1666667
SecondWaveAmplitude: 0
Clouds: 0.173913
Grime: 0.2282609
BkgDroneVolume: 0.2869565
Palette: 0
EffectColorA: 21
EffectColorB: 21
Effects: Coldness-1-20-20, Dustpuffs-0.2826087-21-74, 
PlacedObjects: InsectGroup><450.1428><607.5812><-152~94~0~0~Moth~0.1847826, CustomDecal><808.5503><114.9891><-14~266~143~286~128~-18~124~-30.00002~0.326087~0.5326087~1~Scav Wedges3(vert)~0.2065217~1~0~1~0~1~0.3043478~1, CustomDecal><432.6431><1027.169><57.76257~266.8889~198.925~200.3111~200.9922~4.133331~-460~-2~0.173913~0.6636041~1~SquidAngel~0.4651158~1~0.2961874~1~0.5217391~1~0.4456522~1, CustomDecal><450.3503><1026.429><0~74.03828~134.6151~74.03828~134.6151~0~283.6851~-135.2222~0.3247959~0.6230041~1~WhiteTag11(Bubbly)~0.3455077~1~0.4755935~1~0.2173913~1~0.4273943~1, CustomDecal><279.7316><185.5508><-6~77~79~77~74~-9~-330~86~0~1~1~CuteGhost~0.08695652~1~0.5326087~1~0~1~0.3478261~1, CustomDecal><702.4399><81.18716><0~292~100~292~100~0~-326~-45.00002~0.326087~1~1~CactusMan~0.3804348~1~0.4130435~1~0.05434782~1~0.04347826~1, SnowSource><531.5929><155.6771><Radial~138~115~38~-87.39746~0.9239131~1, SnowSource><548.1107><455.6435><Radial~418~93~139~-105.3975~0.8369565~1, ScavengerOutpost><500.6566><377.5211><-37.35156~201.6889~-332.4289~-100.9778~0.7105296~93~47, CustomDecal><393.617><1774.312><100.8492~450.3111~-203.8524~522.8445~-231.0656~-166.4~-345.7688~-71.11111~0~1~0~lc_toll1f~0.3144022~1~0.8363963~1~0.2506029~1~0.2390031~1, CustomDecal><512.2374><1829.171><-4.268799~165.8666~77.3515~168.7111~75.21716~9.244461~-112.0547~-278.7555~0.5799932~1~1~verticalblacktag~0.343402~1~0.8305963~1~0.007005774~1~0.2622027~1, LanternOnStick><471.3491><1139.423><-36.81799~-59.28888, LanternOnStick><383.2022><409.1398><48.02344~-62.84445, LanternOnStick><239.7131><370.2278><-50.69141~-47.91113, LanternOnStick><601.0995><464.155><-14.94061~-89.8667, LanternOnStick><569.8826><2201.274><27.74689~-80.62222, ClimbableWire><416.5668><1131.97><234.2477~395.1111~-169.4373~209.0222~Black~45, 
AmbientSounds: OMNI><AM_ENV-NatWind.ogg><651.6589><647.8714><0.6110137><0.6869565, OMNI><AM_ENV-LightWind.ogg><820.1393><601.5834><0.2435973><1, OMNI><AM_ENV-WinterHum.ogg><829.4409><526.8098><0.3804348><1, OMNI><MSC-Subtundra.ogg><805.0063><445.9345><0.3782017><1, OMNI><AM_WIN-HowlingWnd.ogg><655.4933><566.4354><0.2738031><1, SPOT><MSC-LowGroans.ogg><706.0489><308.9998><0.360802><1.354956><510.6262><464.6886><154.604><178.6891><0><0.1058005, 
FadePalette: 8, 0.5326087, 0.5217391, 0.5108696
MorePalette0: 40, 0.3478261, 0.2717391, 0.2173913
MorePalette1: 51, 0.4797642, 0.5108696, 0.5978261
