Template: CC_SettingsTemplate_Gutter
DangerType: Blizzard
CeilingDrips: 0
RainIntensity: 0
RumbleIntensity: 0
WaveSpeed: 0.5
WaveLength: 1
WaveAmplitude: 5.605194E-45
SecondWaveLength: 1
SecondWaveAmplitude: 0.0001
Effects: Fog-0.6486498-268-125, DirtyWater-1-266-71, 
PlacedObjects: BubbleGrass><2575.698><523.4764><0~0~4~9, LanternOnStick><2114.914><482.3927><-12.27264~-96.26666, LanternOnStick><2403.597><475.2455><25.07892~-74.22223, LanternOnStick><1513.603><1567.317><74.70313~-40.0889, LanternOnStick><1253.42><1815.151><-28.81409~-29.42221, LanternOnStick><1598.651><1723.283><32.01563~-62.84444, ClimbableRope><1530.201><2143.092><-0.5336304^-229.6889, ClimbableRope><1679.105><2070.577><0^-305.7778, ClimbableWire><1202.487><1553.771><379.3851~75.11108~1.846252~278.7111~Black~38, ClimbableWire><1217.136><1462.919><356.9742~33.15558~48.80249~-214.0889~Black~55, ClimbableWire><308.8354><951.553><104.0508~-194.4~17.98846~33.37778~Black~27, LanternOnStick><793.1893><1425.462><19.74292~96.44446, LanternOnStick><1160.883><1403.086><25.07892~65.8667, LanternOnStick><265.277><1188.828><-80.6203~-52.00003, LanternOnStick><914.0637><469.2579><-15.47418~-87.02223, LanternOnStick><1469.089><430.1766><-6.403137~-89.15555, LanternOnStick><1138.318><437.6884><-14.40701~-99.11111, LanternOnStick><266.2616><367.7919><-69.05933~-52.88889, ClimbableWire><237.2889><1397.696><727~104~0.3204956~-209~Black~40, CustomDecal><191.948><255.0552><-28~287~378~255~336~8~346~-163.0021~0.3152174~1~1~greybones~0.423913~1~0.6413044~1~0.2391304~1~0.5543478~1, CustomDecal><1409.904><367.1277><-6~119~148~100~149~38~-373~-154~0.3043478~1~1~greenwhite~0.1847826~1~0.326087~1~0.4891304~1~0.25~1, CustomDecal><2224.596><450.14><14~256~163~260~130~20~-71~-337~0~0.6413044~1~verticalmess~0~1~0.4130435~1~0.6413044~1~0.3369565~1, CustomDecal><174.8436><1057.823><-4~164~344~54~166~-34~525~-217~0.326087~1~1~brainghosts~0.2717391~1~0.4673913~1~0.2173913~1~0.6956522~1, CustomDecal><1412.611><1654.856><13~155~-77~168~-63~-6~197~-32~0.3152174~1~1~mutantrabbit~0.4891304~1~0.3478261~1~0.2934783~1~0.3369565~1, CustomDecal><588.8759><190.9066><31~167~295~194~288~118~-373~-99.00006~0~1~1~lc_scavmarks5~0.1086956~1~0.2391304~1~0.3478261~1~0.7717391~1, CustomDecal><695.8519><981.5779><0~-32~-167~-30~-161~9~98~-140~0.3152174~0.5217391~1~purpleandwhitebubbly~0.2282609~1~0.8913044~1~0.2391304~1~0~1, CustomDecal><657.5864><752.635><-13~761~525~764~513~0~-275~29~0.6413044~1~1~rust3~0~1~0.2065217~1~0.2065217~1~0.2173913~1, 
AmbientSounds: OMNI><MSC-ShadowGully.ogg><794.7983><288.3622><0.401401><1, OMNI><MSC-Subtundra.ogg><796.7073><365.6979><0.3840013><1, SPOT><MSC-UnrelentingBreakage.ogg><733.8754><208.5702><0.1694037><0.8351322><1446.975><594.4618><22.8064><-334.7331><0><0.4653964, SPOT><MSC-StructureStrain.ogg><753.3499><122.5139><0.2332034><0.8016418><1820.222><1077.58><-0.1381836><-307.7109><0><0.2623987, SPOT><MSC-RitualMetal.ogg><313.06><194.1555><0.1868037><1.597243><324.9639><1169.133><231.9752><-338.9998><0><0.6114048, SPOT><MSC-StructureStrain.ogg><391.4882><477.7104><0.1984034><1.114838><1407.135><2087.644><-56.16553><-239.4443><0><0.3551971, 
FadePalette: 21, 0.6847826, 0.6847826, 0.6847826, 0.6847826, 0.6847826, 0.6847826
WetTerrain: OFF
MorePalette0: 51, 0.6590437, 0.5067855, 0.659043, 0.9040163, 0.9098172, 0.9098166
MorePalette1: 40, 0.4255438, 0.4255451, 0.4255431, 0.4298826, 0.4298832, 0.4298826
MorePalette2: 51, 0.6205929, 0.6263925, 0.6205929, 0.7365909, 0.7365909, 0.7365915
