Template: CC_SettingsTemplate_Inside
DangerType: None
RainIntensity: 0
WaveSpeed: 0.5
WaveLength: 1
WaveAmplitude: 1.209338E-07
SecondWaveLength: 0.1666667
SecondWaveAmplitude: 0
Grime: 0.1521739
AmbientSounds: OMNI><MSC-Subtundra.ogg><691.8584><217.8912><0.2934783><0.4717391, 
FadePalette: 8, 0.4347826
MorePalette0: 40, 0.110199
MorePalette1: 51, 0.2957963
