DangerType: Blizzard
WaveSpeed: 0.5892626
WaveLength: 0.9553687
WaveAmplitude: 1.521852E-07
SecondWaveLength: 0.1666667
SecondWaveAmplitude: 0
Clouds: 0.5326087
Grime: 0.3804348
BkgDroneVolume: 0.2869565
Palette: 0
EffectColorA: 21
EffectColorB: 21
Effects: Fog-0.2934783-20-20, Flies-0-26-76, Coldness-1-325-45, Dustpuffs-1-293-97, 
PlacedObjects: InsectGroup><2773.571><507.4373><0~100~0~0~Wasp~0.3586957, CustomDecal><2352.051><131.7677><-1~144~517~147~489~-19~-271.0007~160~0.3152174~0.3586957~1~TamponNose~0.7282609~1~0.5543478~1~0.02173913~1~0.3152174~1, CustomDecal><2593.434><141.0613><-51~115~31~128~45.24921~11.11111~194~-124~0.3152174~0.3369565~1~WhiteJunkSpirals~0.8043478~1~0.3369565~1~0.7826087~1~0.7934783~1, CustomDecal><771.4302><669.0867><22~-637~357~-651~359~80~-365~-551~0~1~1~RustB2~0.8152174~1~0.5108696~1~0~1~0~1, CustomDecal><863.9973><191.3><48~211~181~201~218~-16~-623~-153~0.326087~0.4021739~1~BigGreen~0.5434783~1~0.4347826~0~0.0326087~0.4456522~0~1, CustomDecal><951.051><186.2696><29~87~109~82~73~-15~-298~92.99998~0.326087~1~1~WhiteTag2~0.423913~1~0.7391304~1~0.8043478~1~0.4782609~1, CustomDecal><2027.077><103.1845><32~363~338~440~393~14~55~179~0.3152174~0.6086956~1~Tall B&W~0.1086956~1~0.4130435~1~0.3043478~1~0~1, CustomDecal><2041.392><132.3315><-7~149~277~210~311~-23~-659~-52.00002~0.3152174~0.9565217~1~OKI~0~1~0.6739131~1~0.8260869~1~0.2934783~1, CustomDecal><2217.805><723.5468><-124.6398~-701.1777~387.7305~-711.3556~278.2328~-0.7111206~-119~-428~0~1~1~Rust3~0.3152174~1~0.8695652~1~0.5760869~1~0~1, SnowSource><1601.943><406.0524><None~1279~766~50~86.60254~0.5760869~1, SnowSource><-95.55225><449.2797><Radial~1256~-385~50~86.60254~0.7282609~1, SnowSource><2920.704><405.4446><Radial~-922~-42~-574~166.6025~0.6304348~1, ReliableSpear><884.7778><454.1981><, ReliableSpear><1217.936><159.0734><, ReliableSpear><1460.449><448.2343><, ClimbableWire><2247.593><606.8226><488~-50~105.3205~-127~Black~23, LanternOnStick><1934.675><309.0647><-16~84, LanternOnStick><562.89><394.1072><21~-75, LanternOnStick><2651.557><417.4494><27~-85, LanternOnStick><1398.908><200.6223><-15~-58, LanternOnStick><1209.924><383.4009><-63~21, LanternOnStick><1451.87><508.6596><34~-83, LanternOnStick><2291.324><332.0945><-13~-107, 
AmbientSounds: OMNI><AM_ENV-LightWind.ogg><711.424><492.3486><0.2783966><1, OMNI><AM_ENV-WinterHum.ogg><713.303><427.2155><0.605214><1, SPOT><AM_IND-Fabrik01.ogg><717.6116><294.1484><0.2054092><1><1297.408><171.7928><-11.34363><-81.57756><0><0.3609971, SPOT><MSC-LowGroans.ogg><725.3124><61.78009><0.2274031><1><2194.311><623.0912><-35.35534><-35.35534><0><1, SPOT><MSC-MetalVariety.ogg><725.6005><183.1281><0.2796021><0.8538412><275.3255><505.9281><10.53369><-102.9109><0><0.05360014, SPOT><MSC-RitualMetal.ogg><890.9511><522.1599><0.2506029><0.7598826><390.5183><218.4709><126.8572><-166.9109><0><0.4827957, 
FadePalette: 15, 0.6521739, 0.6521739, 0.6413044
MorePalette0: 51, 0.6304348, 0.6304348, 0.6304348
MorePalette1: 40, 0.4021739, 0.4021739, 0.4021739
