Template: NONE
DangerType: Blizzard
WaveSpeed: 0.5662182
WaveLength: 0.9668909
WaveAmplitude: 9.019827E-11
SecondWaveLength: 0.1666667
SecondWaveAmplitude: 0
Clouds: 0.3478261
Palette: 68
EffectColorA: 6
EffectColorB: 5
Effects: Coldness-1-20-20, 
PlacedObjects: SnowSource><280.5797><967.5666><Radial~300~234~50~86.60254~0.4021741~0.1521739, SnowSource><334.6773><528.8425><Radial~303~207~-225~-179.3975~0.5~0.1086956, SnowSource><1033.801><629.6935><Radial~291~249~50~86.60254~0.4565217~0.1086956, SnowSource><777.6746><900.8476><Radial~238~102~316~-86.39746~0.5543478~0.2391304, SnowSource><714.3055><1209.692><Radial~-8~-123~26~-185.3975~0.7934783~0.1304348, SnowSource><1053.944><1214.298><Radial~-46~-226~-327~-314.3975~0.7391304~0.2717391, SnowSource><1377.423><1058.6><Radial~166~139~-595~-235.3975~0.6521739~0.1086956, SnowSource><1704.863><621.6457><Radial~344~289~50~86.60254~0.5434783~0.1521739, SnowSource><1769.652><1209.38><Radial~194~-115~-237~-269.3975~0.5326087~0.1413043, SnowSource><2235.341><1168.371><Radial~251~-299~33~-152.3975~0.6521739~0.1847826, SnowSource><2444.076><548.1509><Radial~300~274~50~86.60254~0.6086956~0.1086956, SnowSource><2807.166><936.6123><Radial~-183~-200~-530~-80.39746~0.5869565~0.2608696, LightSource><248.336><261.6145><1~White~79~38~-108~224.6025~0~1~None~0~0, LightBeam><282.5798><143.105><-47~104~-20~117~63~6~-83.99997~14.99998~0.2695651~1~0~0~None~0~0, LightSource><1902.55><86.2379><1~White~0~100~246~297.6025~1~1~None~0~0, LightBeam><1772.05><33.5025><134~39~130~73~-10~50~8~174~0.6499999~1~0~0~None~0~0, LightSource><1016.515><79.5506><1~White~0~100~-175~123.6025~1~1~None~0~0, LightBeam><460.6991><326.7685><0~40~33~28~40~0~136~7~0.4~0~0~1~None~0~0, LightSource><716.3051><77.19226><1~White~13~103~127~4.602539~1~1~None~0~0, SnowSource><386.3705><630.6597><UnSnow~13~15~37~-32.39746~1~0, SnowSource><421.1855><636.9253><UnSnow~21~17~-1~-105.3975~1~0, SnowSource><445.699><634.2305><UnSnow~12~13~-27~-181.3975~1~0, LightSource><1404.351><25.88394><1~White~0~100~131~225.6025~1~1~None~0~0, LightSource><1705.609><37.58212><1~White~0~100~50~86.60254~1~1~None~0~0, LightSource><2197.569><100.5623><1~White~0~100~277~182.6025~1~1~None~0~0, LightBeam><2333.911><54.38104><-125~65~-152~40~-65~-41~-569~286~0.3021738~1~0~1~None~0~0, SnowSource><677.0383><119.8037><Radial~315~127~-237~-46.39746~0.5108696~0, SnowSource><85.94128><127.1916><Radial~0~100~-54.99999~-74.39746~1~0, SnowSource><667.9219><42.56589><Radial~0~100~103~17.60254~0.3152174~0, SnowSource><302.5583><114.4427><Radial~0~100~145~69.60254~0.5326087~0.1847826, SnowSource><1179.69><146.5625><Radial~69~208~91~-64.39746~0.6521739~0.3043478, SnowSource><1539.388><101.645><Radial~25~111~-82~292.6025~0.5978261~0.1847826, SnowSource><1324.839><318.1304><Radial~0~100~-86~180.6025~0.2717391~0, SnowSource><1400.831><213.3577><Radial~0~100~-213~170.6025~0.2826087~0, SnowSource><2059.909><186.3786><Radial~15~176~50~86.60254~0.6521739~0.173913, SnowSource><2414.557><61.05304><Radial~139~97~-136~134.6025~0.5543478~0, SnowSource><2658.836><121.8195><Radial~55~163~-119~69.60254~0.5434783~0, SnowSource><2898.474><604.8017><Radial~0~100~-384~-95.39746~0.3478261~0, SnowSource><2893.675><332.1531><Radial~-98~172~-366~70.60254~0.6195652~0, SnowSource><2863.857><78.08136><Radial~0~100~-314~22.60254~0.5108696~0, 
FadePalette: 33, 0.8043478, 0.7065217, 0.6086956, 0.6086956, 0.7065217, 0.8043478
